4 0.467708 0.572222 0.028125 0.0851852
4 0.509896 0.590741 0.0322917 0.0851852
4 0.472656 0.703704 0.0348958 0.101852
10 0.512760 0.757407 0.0140625 0.05
2 0.513281 0.752778 0.00989583 0.0351852
10 0.228125 0.874074 0.025 0.0425926
1 0.239844 0.987963 0.0140625 0.0240741
1 0.230990 0.857870 0.0140625 0.0453704
8 0.225260 0.799074 0.0286458 0.0481481
2 0.221615 0.809259 0.00989583 0.0333333
8 0.197396 0.765278 0.03125 0.0564815
10 0.207031 0.717593 0.0203125 0.0407407
10 0.342708 0.688426 0.0291667 0.0398148
7 0.363281 0.709259 0.0484375 0.0388889
10 0.267188 0.744444 0.0260417 0.0537037
7 0.300781 0.741667 0.0359375 0.0370370
10 0.309115 0.715741 0.0255208 0.0314815
10 0.309896 0.681019 0.025 0.0287037
10 0.325521 0.646759 0.0239583 0.0268519
10 0.282031 0.701389 0.0234375 0.0268519
10 0.282812 0.682870 0.0260417 0.025
8 0.326562 0.626389 0.025 0.0453704
10 0.294271 0.664352 0.0291667 0.0324074
8 0.295573 0.644444 0.0328125 0.0537037
8 0.288542 0.602778 0.0239583 0.0481481
8 0.300781 0.559259 0.0234375 0.0388889
10 0.308073 0.555556 0.0255208 0.0351852
10 0.330208 0.568056 0.021875 0.0268519
10 0.356510 0.558333 0.0223958 0.0277778
10 0.342448 0.578241 0.0213542 0.025
10 0.339323 0.597222 0.0234375 0.0277778
8 0.246354 0.525926 0.0270833 0.0388889
10 0.251562 0.498148 0.0197917 0.0277778
8 0.306771 0.531019 0.025 0.0342593
10 0.321354 0.518981 0.0270833 0.0305556
8 0.328125 0.493056 0.021875 0.0398148
10 0.324219 0.488889 0.0286458 0.0240741
1 0.306510 0.434722 0.00885417 0.0342593
10 0.288021 0.425 0.01875 0.0259259
8 0.265104 0.427315 0.0208333 0.0398148
10 0.264844 0.429167 0.0213542 0.025
10 0.265625 0.423148 0.0197917 0.0222222
10 0.271875 0.411111 0.01875 0.0240741
3 0.352865 0.507407 0.0234375 0.0240741
10 0.354167 0.496759 0.0208333 0.0231481
10 0.367969 0.484722 0.0234375 0.0287037
10 0.355469 0.443056 0.0234375 0.0268519
10 0.370573 0.415741 0.0182292 0.0222222
8 0.371354 0.403241 0.0208333 0.0268519
4 0.342188 0.357870 0.0510417 0.0453704
0 0.298438 0.260648 0.0239583 0.0620370
1 0.324740 0.212963 0.00572917 0.0277778
1 0.334375 0.211574 0.00729167 0.0287037
10 0.309896 0.193981 0.01875 0.0157407
10 0.333594 0.179630 0.00989583 0.0240741
2 0.332031 0.175926 0.0078125 0.0296296
2 0.334375 0.172222 0.00729167 0.0222222
4 0.310677 0.0824074 0.0182292 0.0277778
8 0.34375 0.0893519 0.009375 0.0212963
10 0.327344 0.134259 0.0130208 0.0166667
10 0.328125 0.1375 0.0104167 0.0194444
8 0.320573 0.150463 0.0161458 0.025
1 0.431510 0.0138889 0.00260417 0.0166667
4 0.425521 0.0337963 0.0145833 0.0287037
4 0.423177 0.0569444 0.0130208 0.0231481
4 0.424479 0.0814815 0.0145833 0.0314815
10 0.493490 0.384259 0.00885417 0.0277778
2 0.493229 0.377778 0.00833333 0.0296296
10 0.455469 0.402778 0.00677083 0.0240741
2 0.455469 0.389352 0.0078125 0.0268519
8 0.442969 0.428704 0.0119792 0.0462963
2 0.44375 0.424074 0.00833333 0.0240741
10 0.39375 0.481944 0.01875 0.0231481
10 0.421354 0.501389 0.0104167 0.0305556
2 0.421354 0.491667 0.0114583 0.0351852
6 0.391406 0.347222 0.0526042 0.0574074
4 0.410938 0.324074 0.0385417 0.0481481
4 0.410156 0.2875 0.0192708 0.0379630
5 0.418229 0.239352 0.0197917 0.0564815
4 0.414844 0.185648 0.0119792 0.0342593
5 0.353906 0.291204 0.0640625 0.0657407
4 0.364583 0.262037 0.01875 0.0462963
10 0.453385 0.317130 0.00677083 0.0231481
2 0.453385 0.304630 0.00677083 0.0240741
10 0.460938 0.220370 0.00729167 0.0222222
2 0.461198 0.210185 0.00572917 0.0203704
10 0.454167 0.255093 0.00729167 0.025
3 0.444271 0.252778 0.00625 0.0222222
2 0.444271 0.240741 0.00520833 0.0203704
2 0.453646 0.244444 0.00729167 0.0240741
10 0.451562 0.208796 0.00625 0.0212963
2 0.451562 0.197685 0.00625 0.0212963
10 0.490885 0.244444 0.00572917 0.0240741
2 0.490365 0.243056 0.00572917 0.0194444
2 0.491146 0.238889 0.00625 0.0240741
10 0.386198 0.209722 0.0192708 0.0194444
8 0.427083 0.174074 0.009375 0.0333333
2 0.426562 0.173611 0.00729167 0.0212963
10 0.459896 0.0217593 0.00520833 0.0175926
2 0.459635 0.0171296 0.0046875 0.0175926
10 0.443229 0.0393519 0.00416667 0.0157407
2 0.443229 0.0328704 0.00416667 0.0175926
1 0.359896 0.0962963 0.00520833 0.0240741
10 0.365365 0.112963 0.0171875 0.0203704
2 0.364323 0.109722 0.0046875 0.0194444
2 0.367969 0.108796 0.00364583 0.0175926
4 0.380729 0.120370 0.0364583 0.0296296
4 0.378906 0.138426 0.0390625 0.0268519
1 0.377865 0.0990741 0.0046875 0.0222222
1 0.374740 0.0944444 0.00572917 0.0259259
10 0.454167 0.0597222 0.00520833 0.0175926
2 0.453385 0.0587963 0.00364583 0.0120370
2 0.454427 0.0532407 0.0046875 0.0138889
10 0.40625 0.123148 0.009375 0.0148148
2 0.406771 0.115278 0.00625 0.0194444
10 0.410938 0.109722 0.0145833 0.0157407
2 0.410417 0.105093 0.00520833 0.0175926
10 0.427865 0.1 0.00989583 0.0166667
2 0.426823 0.0944444 0.00572917 0.0185185
8 0.408594 0.0990741 0.0161458 0.0277778
2 0.407292 0.0990741 0.00625 0.0148148
10 0.416667 0.0990741 0.009375 0.0148148
2 0.416406 0.0925926 0.0046875 0.0166667
8 0.448958 0.0865741 0.0114583 0.0305556
2 0.448438 0.0870370 0.00625 0.0166667
10 0.445312 0.128241 0.00520833 0.025
2 0.445052 0.123148 0.00572917 0.0203704
2 0.445052 0.120370 0.00572917 0.0203704
